9 0.392002184375 0.817756471875 0.7512943625 0.7516477984375001 0.741320790625 0.45022590156250003 0.7014683359375 0.4683287765625 0.6418494953125 0.3926123546875 0.3673603421875 0.4587452890625 0.3547566203125 0.5351831781249999 0.3074777125 0.5478802109375 0.392002184375 0.817756471875
4 0.299529859375 1 0.306708315625 0.9577040406249999 0.3376841109375 0.9045464640624999 0.32778851875 0.6236576031250001 0.26786663593750004 0.5557245765625 0.2139973859375 0.62961678125 0.1900443578125 0.91963804375 0.21885529531249998 0.9678328453124999 0.22115598749999998 1 0.299529859375 1
15 0.3375478609375 0.8522846046874999 0.605652409375 0.7212674 0.6030311234375 0.707782046875 0.3298993953125 0.8372827546874999 0.3375478609375 0.8522846046874999
9 0.02844231875 0.23954851562499999 0.060862028125 0.295062415625 0.12225707968749999 0.323126015625 0.178397453125 0.294961634375 0.181907771875 0.2311477171875 0.13866371718749998 0.16742099375 0.0842662703125 0.13933286250000002 0.0454070625 0.146399434375 0.021404603124999998 0.181890621875 0.02844231875 0.23954851562499999
9 0.19617874062500001 0.1889025046875 0.1952599828125 0.2285523109375 0.2144340796875 0.277258340625 0.26305573125000004 0.32607647968750003 0.2775099359375 0.3338469171875 0.3135827875 0.3284141765625 0.34098995625 0.2937087 0.31640959999999996 0.1822574203125 0.2624142515625 0.15359765625 0.223427059375 0.1598534921875 0.19617874062500001 0.1889025046875
9 0.2612122203125 0.3228883984375 0.2541341546875 0.3367918578125 0.2422688515625 0.3849648609375 0.2539508828125 0.42985691406250004 0.3019203578125 0.48496693906250005 0.363925515625 0.47224981406250005 0.3934706015625 0.42734485468749994 0.36783312968750004 0.38580369062500003 0.35337645625 0.33821379375 0.3290414140625 0.3237841546875 0.3125754125 0.3287152640625 0.2612122203125 0.3228883984375
9 0.83630680625 0.4635158 0.7461275374999999 0.47071484999999996 0.752153175 0.67320296875 0.8201441890625001 0.6574142171874999 0.8289748593749999 0.6615141046875 0.83630680625 0.4635158
9 0.826040653125 0.653248009375 0.9408826093749999 0.62215434375 0.9745537640625 0.4240169984375 0.833952565625 0.45475535312500004 0.826040653125 0.653248009375
9 0.80394193125 0 0.6864221765625 0.02245668125 0.6901459875 0.240038490625 0.94122620625 0.1689877015625 0.9117681953125001 0 0.80394193125 0
9 0.862166553125 0.1883557578125 0.6916815828125 0.22445551406250003 0.6935096875 0.46272372031250003 0.73819515625 0.450418946875 0.7425757328125 0.4791494796875 0.84373635625 0.4473332640625 0.862166553125 0.1883557578125
9 0.928678628125 0.1633337546875 0.8665172921875 0.1898195109375 0.8416307453125 0.45343393593750003 0.9894963390625 0.4173160078125 0.9405234859375 0.161031346875 0.928678628125 0.1633337546875
9 0.6802195375 0.373001390625 0.69413583125 0.0797331609375 0.6800752640625001 0.043041096875000004 0.5193530125 0.053661768750000005 0.49008319531250005 0.0984342640625 0.50643615625 0.11879091875 0.52972421875 0.3868320578125 0.6802195375 0.373001390625