15 0.725062575 0.6876755906249999 0.3045618953125 0.8270440703125 0.31934969375 0.8699909531250001 0.7254864249999999 0.7215244000000001 0.725062575 0.6876755906249999
5 0.8461493578124999 0.6331488609375 0.7447171734375 0.92251336875 0.80254385625 0.9246361359374999 0.885302084375 0.7033235140625 0.881286078125 0.8960867562500001 0.9481327343749999 0.8730696078125 0.9416268171875 0.5906312781249999 0.8461493578124999 0.6331488609375
14 0.6141557796875 0.93767054375 0.7352050078125 0.9478227625000001 0.7445384109375001 0.896923221875 0.64085205 0.7944453234375 0.6141557796875 0.93767054375
8 0.5451617453125001 1 0.5492935015625 0.996126603125 0.24903215312500002 0.89264931875 0.171828228125 0.9548304421875 0.24113130468750002 1 0.5451617453125001 1
14 0.410671228125 0.8701931671875001 0.45008360156249994 0.9486900953124999 0.5051968312499999 0.9739087203125001 0.587219578125 0.940411175 0.614805490625 0.9094765265625 0.5787482390625 0.8247557593750001 0.48618294375 0.818575009375 0.410671228125 0.8701931671875001
9 0.5332363375 0.7459620328125001 0.94338995 0.6190533015625 0.8760599890625 0.40611670312500003 0.8742620546875 0.41601019843750003 0.47208769687499996 0.5689064546875 0.5332363375 0.7459620328125001
9 0.472235996875 0.6803444625 0.454516621875 0.59882406875 0.40417165156249996 0.551424590625 0.23674070937499997 0.5683162953124999 0.10511911562500001 0.6484015999999999 0.057239654687499995 0.739955690625 0.0755657265625 0.8031301093750001 0.1453609390625 0.8357098625000001 0.2559056015625 0.8619789656249999 0.3917764078125 0.79515098125 0.46984576875000006 0.7104122859374999 0.472235996875 0.6803444625
9 0.48872483281249995 0.510928359375 0.42087721718750004 0.43139414687500005 0.23622662499999997 0.43562700468750004 0.0844539015625 0.5387977953124999 0.0637977578125 0.6407034359375 0.1067868 0.7210815312500001 0.2434475828125 0.733402303125 0.39849076875 0.675310815625 0.46417920312499994 0.5793451765625 0.48872483281249995 0.510928359375
9 0.44016280625000004 0.3917245078125 0.175604546875 0.37063898281249996 0.0564436953125 0.400997896875 0.0008073734375000001 0.5860160859375 0.392964746875 0.597224190625 0.44920506875 0.45399269999999997 0.44016280625000004 0.3917245078125
9 0 0.4262612953125 0.0604578546875 0.4682767796875 0.1711525578125 0.44524471718749997 0.2185498828125 0.39537582968749996 0.2172939671875 0.39394555000000003 0.221153265625 0.3908274875 0.2374087640625 0.36544615937499997 0.2175886703125 0.309163559375 0.122321515625 0.3057954671875 0.0306973109375 0.33797165625000003 0 0.38464338124999997 0 0.4262612953125
9 0 0.3958082140625 0.06714747343750001 0.3953515234375 0.17619021875000002 0.3401484125 0.1802257984375 0.284117246875 0.1638350875 0.23732527499999997 0.11517260468749999 0.218262846875 0 0.2575923140625 0 0.3958082140625
11 0.10466326249999999 0.380698525 0.13203497656250002 0.393719540625 0.30730042968750004 0.3337482515625 0.3465118375 0.36275605624999996 0.3885294734375 0.33446483437499996 0.3782060109375 0.277578921875 0.3150677171875 0.27407923749999996 0.305076840625 0.3028377453125 0.122345265625 0.35491914687500004 0.10466326249999999 0.380698525
11 0.2985369015625 0.151816665625 0.230886059375 0.148066875 0.16854509374999999 0.203164603125 0.03552395 0.24648218593750001 0.0344760328125 0.2783377953125 0.1200058109375 0.2570933296875 0.1990916765625 0.2398176640625 0.2655664640625 0.21947265 0.3126973671875 0.18852864062500002 0.2985369015625 0.151816665625
9 0.63553011875 0.2110974515625 0.4500542375 0.298059725 0.4126631921875 0.3874778375 0.443069434375 0.4846099828125 0.4992610578125 0.5391187515625 0.618798934375 0.5334974156250001 0.7925272359375 0.4717907296875 0.84650181875 0.3988975140625 0.8564264312500001 0.312108490625 0.83217090625 0.2782058625 0.7581298750000001 0.21283350625000003 0.63553011875 0.2110974515625
9 0.43523769687499997 0 0.3380711171875 0.0885132703125 0.3184547578125 0.136517309375 0.339915628125 0.21061220781249998 0.42710666249999996 0.2759075890625 0.50514823125 0.278687384375 0.68665770625 0.22201213125 0.78095758125 0.1351210609375 0.7475827828125 0.061324573437499995 0.7233395890625001 0 0.43523769687499997 0
9 0.21612475781249998 0.280310078125 0.2078324296875 0.32440513437499996 0.22012769687499997 0.36663674999999996 0.2623834921875 0.40194915625 0.3467202125 0.39254675 0.42833756875000006 0.344782075 0.4520929546875 0.2822353421875 0.4330386703125 0.23425269062499998 0.38526998749999997 0.21373545625 0.3012039234375 0.241917025 0.21612475781249998 0.280310078125
9 0.3732562234375 0.157142346875 0.33012056875 0.1054173875 0.1973926328125 0.10993342187499999 0.10824904843750001 0.16293661718750002 0.11622797968750001 0.249639328125 0.2244624015625 0.27463530468749997 0.329801815625 0.2432561421875 0.35570378125 0.19881812968749998 0.3732562234375 0.157142346875