15 0.8146374156249999 0.530339484375 0.6673097359375 0.12378823593749999 0.6249051 0.14006585 0.7884352781249999 0.5517723906249999 0.8146374156249999 0.530339484375
5 1 0.4369423921875 0.9809651859375 0.41587787187499997 0.8244984640625 0.6795793531250001 0.8532998328125 0.7800491078125 1 0.662602334375 1 0.5799365515625 0.9034222546875 0.6644646859375001 1 0.4937438390625 1 0.4369423921875
14 0.8160961562500001 0.41863312500000005 0.9612470890625 0.4321899625 0.9942390031249999 0.392322565625 0.9086530093749999 0.3061191984375 0.8160961562500001 0.41863312500000005
8 0.6383550703124999 0 0.63946780625 0.055357357812499994 0.911740278125 0.2188569796875 0.9136496765625 0.18417791249999999 0.846324925 0.019719496875 0.7814406125 0 0.6383550703124999 0
14 0.7993957375 0.351575671875 0.8874727640625 0.3247396703125 0.8934381968749999 0.2837232265625 0.8663755999999999 0.19935835 0.8116309109375001 0.1733493875 0.726164990625 0.19361461093750001 0.7351611828125 0.284639453125 0.7993957375 0.351575671875
9 0.8762056859375 0.7631304203125 0.7097817546875 0.3673591640625 0.534843725 0.4343257203125 0.676231090625 0.8406889718749999 0.669807925 0.848425684375 0.8762056859375 0.7631304203125
9 0.4141304609375 0 0.39921585937500004 0.006585353125 0.35985768125 0.1021129828125 0.3831135078125 0.254418815625 0.477796246875 0.3935361375 0.5464674765625 0.4016348234375 0.6203055156249999 0.36280835312500004 0.6418023953125 0.341650109375 0.656533984375 0.227376525 0.6203911203125 0.080337246875 0.5292110796875 0.0125405765625 0.5022898515625001 0 0.4141304609375 0
9 0.5011240703125 0.48433810624999996 0.5377567671875 0.4215575796875 0.5690470000000001 0.309551796875 0.513887821875 0.1534413390625 0.4166057046875 0.05667274375 0.3273996875 0.0754072703125 0.26261295156250003 0.15673447812500002 0.2811371671875 0.3393160359375 0.3965857234375 0.483487425 0.5011240703125 0.48433810624999996
9 0.24501730937500002 0.0623061875 0.139047490625 0.2238534828125 0.192386334375 0.3346503234375 0.3785935546875 0.52376019375 0.4321060109375 0.49066174843750004 0.505677115625 0.355511734375 0.24501730937500002 0.0623061875
9 0.237129778125 0.356565746875 0.2370376421875 0.3516051015625 0.2389405875 0.351647821875 0.2466759578125 0.28328426093750003 0.19316635937499999 0.18368247499999998 0.10004234062499999 0.15837698125 0.07421713437500001 0.24464309375 0.10846364687500001 0.3355137625 0.17228030156250002 0.40632766875000004 0.2281353859375 0.385332984375 0.237129778125 0.356565746875
9 0 0.29112198125 0.0368145375 0.3863022625 0.082696846875 0.4113267953125 0.129077321875 0.3938055078125 0.1694056640625 0.3546979359375 0.141602375 0.2356824703125 0.08910061875 0.17224201875 0.0030506875 0.1865756203125 0 0.20179678281250002 0 0.29112198125
11 0.1544922125 0.27384 0.146109834375 0.3039558640625 0.22367075937499997 0.47741365 0.20806247500000002 0.50355271875 0.25132790312500003 0.5496699046875 0.3015408328125 0.5210125765625 0.29620475 0.47063995312499995 0.2487788765625 0.45924812812500004 0.1820610875 0.2864382015625 0.1544922125 0.27384
11 0.1037781078125 0.5694782453125 0.141003284375 0.5567277890625 0.1344126109375 0.5007329984375 0.107268625 0.43673283281249997 0.06966713906250001 0.3650449609375 0.0309638625 0.2858696703125 0.0072346375 0.30714881250000003 0.05955578593750001 0.4368929265625 0.057420478124999993 0.5200650125 0.1037781078125 0.5694782453125
9 0.35766400468750004 0.5054239765624999 0.31320025625 0.5915440328125 0.36580488906249997 0.7895250734375 0.44594038906250005 0.8823260218750001 0.5436111765625 0.8970242 0.5851732468749999 0.8938128203125 0.6452780796875001 0.83042321875 0.6664233265624999 0.7422214328125001 0.6020229921875 0.569473540625 0.52949171875 0.4742888890625 0.45161629999999997 0.46628116875 0.35766400468750004 0.5054239765624999
9 0.2379765484375 1 0.323098271875 0.9716345437499999 0.40108256875 0.9497656546875 0.4070301984375 0.82167525625 0.33377392031249997 0.6462007812499999 0.2814803203125 0.5882042890625 0.1754158390625 0.56338314375 0.104861071875 0.5945704468749999 0.0806969984375 0.6404538515625 0.07527298593750001 0.773658946875 0.11850414843749998 0.9013833828125 0.21494211562499999 1 0.2379765484375 1
9 0.177684834375 0.38905686093749997 0.1492362671875 0.4237529078125 0.174513315625 0.5136059078125 0.20696160625 0.5961190140625 0.25338383750000004 0.6195237234375 0.30238853906249996 0.603277496875 0.335032446875 0.5448755515625 0.3191596875 0.4516504890625 0.2721517484375 0.3810010625 0.217939375 0.371329621875 0.177684834375 0.38905686093749997
9 0 0.4779739453125 0.0066793984375 0.5189192703125001 0.08853578749999999 0.6234976203125 0.1558864703125 0.623293284375 0.17652948125 0.5830586578125 0.1939215109375 0.5346523984375 0.1502484734375 0.4337875875 0.061528698437499994 0.3669423140625 0 0.409613709375 0 0.4779739453125