9 0.44744788281250003 0 0.1759715375 0.057704078125 0.1251101171875 0.23178315781249997 0.2854874765625 0.30407295156249997 0.5395468796875 0.25954675312500003 0.625653621875 0.165351009375 0.6009500562500001 0.0487625421875 0.5373882953125 0 0.44744788281250003 0
9 0.585956884375 0 0.533079259375 0.0609008625 0.5672389124999999 0.21563171093750003 0.638601590625 0.288113940625 0.8445026875 0.23140909999999998 0.8965758750000001 0.108882259375 0.834582496875 0.008212315625 0.8264596421875 0 0.585956884375 0
9 0.5467510609375 0.31674195625 0.4093852015625 0.284019259375 0.198028078125 0.34113701406249997 0.1358843078125 0.560017553125 0.287216225 0.719725196875 0.5592312984375 0.640212378125 0.646106559375 0.4901298625 0.59411638125 0.34154592968749997 0.5467510609375 0.31674195625
9 0.5525521171875 1 0.8153869765625 0.9441327265625 0.8772948375 0.8514106390625 0.8401486515625001 0.7379647968749999 0.669372859375 0.64026430625 0.49943213281250004 0.6531561265625 0.32887095624999996 0.7607425171875 0.3018298890625 0.97021265 0.3448089828125 1 0.5525521171875 1
9 0.6888272453125001 0.5301844015625 0.6654220703125 0.6364379046875001 0.732324725 0.73024885625 0.8908820171875 0.736169153125 0.9784976500000001 0.6259703765625 0.9766238812499999 0.511292840625 0.8631545890625001 0.4661975703125 0.6888272453125001 0.5301844015625
9 0.8591965937499999 0.4674466921875 0.9115465437499999 0.3730381015625 0.9236921656250001 0.30160800781249997 0.8203596718749999 0.2310007765625 0.6152612468750001 0.2921164265625 0.5973290734375001 0.3815397296875 0.6299125859375 0.5087516062499999 0.7447466 0.5021601171875 0.8591965937499999 0.4674466921875
14 0.7506829734375 0.073846109375 0.6435757343749999 0.077449925 0.6651655859375001 0.22554141875 0.7705466015625 0.208740334375 0.7506829734375 0.073846109375
14 0.3707434046875 0.04748949375 0.25298240625 0.06672605937500001 0.330497584375 0.23688045937500002 0.45153007812499996 0.20247863437500002 0.3707434046875 0.04748949375
14 0.407496390625 0.4084793203125 0.2885497171875 0.43228980625 0.3377706546875 0.6042794359375 0.47072607812499995 0.55898023125 0.407496390625 0.4084793203125
14 0.8299240546875 0.3604202203125 0.812493396875 0.29083834375 0.8106413359375001 0.28753509374999997 0.6673907140625001 0.305738578125 0.6827120250000001 0.384799246875 0.8299240546875 0.3604202203125
14 0.9314602453124999 0.5502455562499999 0.8308156125 0.5342612375 0.7956202140624999 0.66492691875 0.88364030625 0.6805598078124999 0.9314602453124999 0.5502455562499999
14 0.5525521171875 1 0.6201250140625 0.9856369375 0.6261312734375 0.7958916453125 0.4909172421875 0.8168729859375 0.4768150203125 1 0.5525521171875 1