9 0.4694186921875 0 0.21575319375 0.031146206250000003 0.14991332500000001 0.2001299984375 0.3033799296875 0.2861225140625 0.5603532734375001 0.2639084875 0.6543420531249999 0.177575884375 0.639893846875 0.059278014062499995 0.5751902375 0 0.4694186921875 0
9 0.6389243203125 0 0.57122339375 0.0654548140625 0.5917673765625 0.2225740765625 0.6565412562499999 0.30100015468749997 0.8666009906250001 0.2624565578125 0.929154940625 0.1449344453125 0.8761714296875001 0.0392445015625 0.8512699187500001 0.009235803125 0.8209389171874999 0 0.6389243203125 0
9 0.5625451499999999 0.32151393281249996 0.4285539796875 0.27694353125000004 0.21302299374999997 0.3154229484375 0.132039003125 0.52805439375 0.26887561875 0.700343746875 0.546785590625 0.6448411765625 0.64641081875 0.5029014468749999 0.607568421875 0.350351678125 0.5625451499999999 0.32151393281249996
9 0.5305813125000001 1 0.775478115625 0.969930453125 0.8452316609375 0.882956828125 0.8181142843749999 0.7667051781249999 0.6565035046875 0.654492375 0.48608585781249997 0.652523828125 0.306796946875 0.744835434375 0.2616022546875 0.9511516859375 0.320389134375 1 0.5305813125000001 1
9 0.68547795625 0.5465269203124999 0.6529012421875 0.6503362015625 0.71137315 0.7496211234375 0.8688110953124999 0.7693380703125 0.9656977796874999 0.6671948390625 0.973825946875 0.5527903765625 0.8647187531249999 0.49797720625 0.68547795625 0.5465269203124999
9 0.86066695 0.4988766125 0.92104594375 0.4093898734375 0.9393708890625 0.3392901546875 0.842585434375 0.2599455859375 0.632940890625 0.302953165625 0.6072832 0.39047329531249997 0.6286554765625 0.52004093125 0.7436269984375 0.52348296875 0.86066695 0.4988766125
14 0.7868708078125 0.09731621406249999 0.6798570515625 0.0915713046875 0.688457721875 0.24098094531249997 0.7949020421874999 0.2334283546875 0.7868708078125 0.09731621406249999
14 0.410674153125 0.037945978125 0.29168469531249996 0.0468457953125 0.3540749703125 0.2231086 0.4776452171875 0.1993863609375 0.410674153125 0.037945978125
14 0.4158249484375 0.40076536249999994 0.29525568281250003 0.41411835625000004 0.32929943437500003 0.5897434031250001 0.4656970078125 0.556204403125 0.4158249484375 0.40076536249999994
14 0.8408337734375 0.38970614062500003 0.8295339046875 0.31886986093749997 0.8279767890624999 0.3154177625 0.6836847406250001 0.3210668625 0.6920571578125 0.4011620234375 0.8408337734375 0.38970614062500003
14 0.9254392203125 0.5876585953125 0.8265706953124999 0.56296334375 0.7801209625000001 0.690064321875 0.8664436140625 0.713309178125 0.9254392203125 0.5876585953125
14 0.5305813046875001 1 0.577341853125 0.9942585265625 0.59986265 0.805758753125 0.463334503125 0.8148755734375 0.43267561875 1 0.5305813046875001 1