2 0.6186120578125001 0.190243209375 0.6242182734374999 0.240761109375 0.6564458796875 0.23689992499999998 0.73084736875 0.10193891562499999 0.7201452828125 0.068041078125 0.69992169375 0.055125054687499994 0.678507125 0.06347090625 0.6186120578125001 0.190243209375
2 0.5175560359375 0.387618659375 0.45551513750000006 0.5255619078125 0.4658152859375 0.5708310140624999 0.4984923890625 0.5835405875 0.589771890625 0.44946974375000004 0.5835537953125 0.4004047078125 0.5581901874999999 0.382804390625 0.5175560359375 0.387618659375
5 0.7247955765625 0.6993040500000001 0.7240483890625 0.5610899 0.685233428125 0.3934537234375 0.6379499484375 0.426774075 0.6560547531250001 0.6997482890625 0.7247955765625 0.6993040500000001
14 0.5398947359374999 0.3803281390625 0.5052888546875 0.32431340937500003 0.4707197328125 0.3140764984375 0.439760396875 0.3292806484375 0.4267197453125 0.41719697968749997 0.45832207968749994 0.44644434843749997 0.4980226015625 0.448373790625 0.5128363609375 0.3989168640625 0.5398947359374999 0.3803281390625
15 0.4545409484375 0 0.536299496875 0.1657126921875 0.5503178828124999 0.16392231875000002 0.471360090625 0 0.4545409484375 0
0 0.474546984375 0 0.4408763578125 0.0126060125 0.4231363734375 0.07157735937500001 0.44230377968749995 0.1718835203125 0.5277951671875 0.20189528124999997 0.5809081546875 0.1617858203125 0.620453346875 0.1188705140625 0.6106704781250001 0.0521821421875 0.5649429140625 0.00326549375 0.550281159375 0 0.474546984375 0
8 0.6420073453125 0.41621529687500003 0.6917635343749999 0.351825884375 0.6646708953125 0.31649554375 0.6149532343749999 0.317143084375 0.5815642765625 0.3515570484375 0.5730543140625 0.3883914828125 0.59453135 0.4359582265625 0.6420073453125 0.41621529687500003
8 0.5551443625 0.198622675 0.46511474531249997 0.21269935312500002 0.44999020625 0.29363518437499997 0.49003110312500003 0.30889664375 0.55715293125 0.30716420312500003 0.6073158796875 0.28190914375 0.609991446875 0.2211696125 0.5551443625 0.198622675
5 0.328873759375 0 0.26019194218749997 0.086999846875 0.39601529687500003 0.1469677515625 0.425784728125 0.0905604421875 0.42863398437500005 0.02567691875 0.40109861875 0 0.328873759375 0
15 0.3234807125 0.5200839953124999 0.41278177656250004 0.338864353125 0.4009581421875 0.3354070828125 0.3148934171875 0.5091302671875 0.3234807125 0.5200839953124999
15 0.3143892171875 0.5138286609375 0.307605640625 0.33862685625 0.290299859375 0.3315695953125 0.2981200734375 0.5140261859375 0.3143892171875 0.5138286609375
9 0.3755455046875 0.3447273875 0.2726744890625 0.3350209109375 0.26654775937499997 0.2372239953125 0.22077975468750002 0.2741955921875 0.20401119375 0.35308546875 0.22289640781250003 0.4437631046875 0.2921264140625 0.492096065625 0.3605835328125 0.491910953125 0.4415902734375 0.43366006874999996 0.44280131093749997 0.33275924687499997 0.3755455046875 0.3447273875