2 0.09659974375 0.7741361578125 0.11283133125 0.7918096609374999 0.1480725828125 0.7964628609375 0.2680635484375 0.6997559625 0.2662698078125 0.6673474796875001 0.215545878125 0.6705987765625 0.10110020156249999 0.75159768125 0.09659974375 0.7741361578125
2 0.41642674843750005 0.599578965625 0.46582613593750005 0.597182540625 0.5820096234375 0.484008621875 0.5638188171875 0.45403495312500003 0.51744885 0.4517521828125 0.3923745578125 0.5368041359375 0.39468947499999996 0.5776569515625 0.41642674843750005 0.599578965625
5 0.5990674015625 0.7100364406249999 0.7353115156250001 0.686771640625 0.7238122875 0.6189980046875 0.4518412984375 0.6485697265625 0.4272378484375 0.7009208828125 0.5990674015625 0.7100364406249999
14 0.40268155468750005 0.53019425 0.44881473749999995 0.507017440625 0.440020684375 0.468255103125 0.40572996093749997 0.4422116296875 0.32141376250000003 0.4703206765625 0.3118166296875 0.50344984375 0.327900884375 0.5357161609375 0.38907387187500003 0.5600694453124999 0.40268155468750005 0.53019425
15 0 0.5578810890625 0.177765703125 0.6079127171875001 0.177094609375 0.5937964078125 0 0.542142509375 0 0.5578810890625
0 0 0.597032525 0.0220892265625 0.650213328125 0.078203228125 0.6867518984375 0.14557723125 0.68480583125 0.1809736078125 0.6384092546875 0.2112507421875 0.5791382375 0.166849503125 0.50015714375 0.064738834375 0.498698915625 0.0097439109375 0.52640965625 0 0.5788528296875 0 0.597032525
8 0.402772815625 0.5913250703124999 0.36797571875 0.6061019796875 0.3398825109375 0.64495960625 0.3478781890625 0.6940343890625 0.38737637187499996 0.71458038125 0.44214749218750005 0.6543989953125 0.45334636250000004 0.60421594375 0.402772815625 0.5913250703124999
8 0.303857640625 0.6435565890625 0.32001831406250003 0.589770234375 0.31006885156249997 0.5233673015625 0.2880862203125 0.48658484218750003 0.211006334375 0.5155339640625 0.21277699062500002 0.60664021875 0.2445054859375 0.6567388171874999 0.303857640625 0.6435565890625
5 0 0.4966427890625 0.0204903734375 0.5120835328125 0.083893403125 0.4980106578125 0.1342743515625 0.45889846562500003 0.051632014062499995 0.335551890625 0 0.3934804890625 0 0.4966427890625
15 0.47684813750000005 0.31612014843749997 0.32070918125 0.43104407031249997 0.3261670796875 0.442087728125 0.489126621875 0.3226748875 0.47684813750000005 0.31612014843749997
15 0.478757015625 0.2987514609375 0.297714384375 0.322733309375 0.30766954687500003 0.338550696875 0.48138759843749995 0.314807740625 0.478757015625 0.2987514609375
9 0.298052653125 0.3047763921875 0.32547503125 0.40439905468750004 0.3253675609375 0.4727113390625 0.424525178125 0.45399745625000004 0.46782442812499997 0.3641062296875 0.456119275 0.296656984375 0.3964989359375 0.23687166875000001 0.3039195140625 0.23401936874999998 0.22913998281249998 0.26423226093749996 0.200677596875 0.315724996875 0.298052653125 0.3047763921875