2 0.96333538125 0.3476755921875 0.9526040531250001 0.3262126984375 0.920010584375 0.31202595 0.7780118328125 0.37191259374999996 0.770803096875 0.40356005 0.8204582468750001 0.4144161125 0.952796815625 0.368100471875 0.96333538125 0.3476755921875
2 0.6077834484375 0.42731446406250007 0.5596371640625 0.4160017390625 0.41675946875000003 0.49276698281250003 0.42598373125 0.5265935890625 0.46992818906249995 0.5415692234375 0.6136008093750001 0.4942871859375 0.62263613125 0.4543788609375 0.6077834484375 0.42731446406250007
5 0.46266419062499997 0.2707933375 0.3252852953125 0.25560293125 0.31765811718750003 0.3239207484375 0.5872444828125001 0.37045995 0.6253247703125 0.32691841875 0.46266419062499997 0.2707933375
14 0.60187115625 0.497800021875 0.5511367 0.5073629734375 0.5489057390625 0.54704769375 0.57468954375 0.581534090625 0.6634873796874999 0.5777546359375 0.681844371875 0.5485541640625 0.675276996875 0.5131043671875 0.6231864203125 0.472832928125 0.60187115625 0.497800021875
15 1 0.5842905 0.8394962625 0.485087446875 0.8362503765625 0.49884189375 1 0.6022025453125 1 0.5842905
0 1 0.48641118125 0.9569328796875001 0.43674549999999995 0.891632421875 0.4200453890625 0.8448186109375 0.4548880765625 0.79937705625 0.503517525 0.820288125 0.591677665625 0.918041259375 0.6212249187500001 0.9785438875000001 0.6097463000000001 1 0.5667599156249999 1 0.48641118125
8 0.6186333687500001 0.439012153125 0.656155553125 0.4343990546875 0.6938710921875 0.4047902453125 0.6997119953125 0.35541262812499996 0.6674071500000001 0.324775378125 0.59816953125 0.367528471875 0.5735721625 0.41268069062499996 0.6186333687500001 0.439012153125
8 0.7281136953125 0.4160687109375 0.6977535296874999 0.4633169875 0.6890144390625 0.5298900265625 0.7000068796875001 0.57130683125 0.7820802812500001 0.5647252453125 0.8054905046874999 0.4766602328125 0.7888001625000001 0.4197568109375 0.7281136953125 0.4160687109375
5 1 0.667977825 0.964264909375 0.620555328125 0.899438996875 0.6166068 0.8402289390625001 0.64031698125 0.8856709281249999 0.781664634375 1 0.7094188406249999 1 0.667977825
15 0.4715708421875 0.6831381765625 0.653338565625 0.615703940625 0.6511361421874999 0.6035836953125 0.4615747359375 0.673452946875 0.4715708421875 0.6831381765625
15 0.464948453125 0.699307871875 0.6455880921875 0.7261571515624999 0.6403784390625 0.7082084890625 0.466845484375 0.6831484984375 0.464948453125 0.699307871875
9 0.6403133296875 0.7433252078125 0.6414129765625 0.640003128125 0.6603456999999999 0.57436676875 0.5598710359375 0.5650241625 0.4934717453125 0.639498265625 0.4861319296875 0.70756101875 0.5269636109375 0.7814639453125001 0.6151704625 0.8097240984375 0.6953809640624999 0.8012936359375 0.7369340859375 0.7596409375000001 0.6403133296875 0.7433252078125