9 0.7722812968749999 0 0.67129495625 0.046951296875 0.72148355625 0.23587535312500002 0.748516509375 0.24357966250000002 0.7966624625 0.41053260468749997 0.9593518921875 0.3329284765625 0.921032015625 0 0.7722812968749999 0
9 0.846482846875 0.5322654453125 0.8921648546875 0.5312773671875 0.9467048703125001 0.5078020671875 0.969943678125 0.4154931234375 0.9202948328125 0.3565435984375 0.8422412593749999 0.390760765625 0.8059655812500001 0.45728182500000003 0.846482846875 0.5322654453125
9 0.8553988328125 0.5477906171875 0.8250399156249999 0.5949595750000001 0.8435544671875 0.688989921875 0.8889910734375001 0.7098557203125 0.9539689453125 0.698855253125 0.9867517124999999 0.6282727359375 0.9762156671875 0.552806553125 0.9275054234375 0.5182335859375 0.8553988328125 0.5477906171875
9 0.8279106578125001 0.92014736875 0.8822294109375 0.8831520390625001 0.9040382953125 0.824755009375 0.88941146875 0.742664546875 0.8470862625000001 0.73070090625 0.7419598765625001 0.7662110359375001 0.6542315390625 0.81106773125 0.64548886875 0.88275796875 0.69195068125 0.9235698046874999 0.7705183578125 0.9308442171875001 0.8279106578125001 0.92014736875
9 0.8591786515625 0.73423055 0.787813640625 0.4952550109375 0.5146508734374999 0.6440593671875 0.5878431140625 0.8264947843750001 0.8591786515625 0.73423055
9 0.5965147187500001 0.84947906875 0.5229322578125 0.6631497375000001 0.27928932500000003 0.775554846875 0.3781190828125 0.9391910953125 0.5965147187500001 0.84947906875
9 0.3934008046875 0.461251990625 0.29750822656250003 0.5923617265625001 0.39528624687499997 0.7510646640624999 0.5314541625 0.6858421156250001 0.5197997078125 0.6361992515625 0.42680673125 0.4399478890625 0.3934008046875 0.461251990625
9 0.822244803125 0.4871932640625 0.7401342125 0.22321210156250001 0.41505321406249995 0.4156348625 0.544517403125 0.660695034375 0.822244803125 0.4871932640625
9 0.5665488062499999 0.292453240625 0.569571421875 0.1683787015625 0.49746327656249995 0.06465654374999999 0.3752393515625 0.0947663671875 0.3428288234375 0.1880965328125 0.3716276765625 0.32095320625 0.44965032968749996 0.3735937296875 0.5293676609375 0.34782274687500003 0.5665488062499999 0.292453240625
9 0.29158558125 0.62927850625 0.23209529843749999 0.6466491249999999 0.2306239625 0.7648728625000001 0.28289972812499997 0.7955010359375 0.3443098046875 0.7407257453125 0.3356475 0.6677312171875001 0.29158558125 0.62927850625
9 0.11217258906250001 0.12999230781249999 0.041454284375 0.2026088625 0.00329034375 0.3160752515625 0.05879566093750001 0.484694346875 0.15745465 0.586369959375 0.26120084375 0.6209391703125 0.3711267625 0.5746079421875 0.40716677343749996 0.431602478125 0.3731663328125 0.30007949375 0.30330455 0.14099656562500001 0.2202091921875 0.11302100156249999 0.11217258906250001 0.12999230781249999