9 0.472506140625 0.696472475 0.4801916265625 0.648125365625 0.5548933328125 0.6276007515625001 0.5919720546875 0.34770250625 0.5104385484375 0.296324784375 0.5242765390625 0.2547983796875 0.223463340625 0.2763866109375 0.19527307656249998 0.6406207875 0.472506140625 0.696472475
4 0 0.830643496875 0.064117615625 0.8285064125 0.1150599640625 0.8521217921875 0.40098868750000005 0.79798450625 0.4688452328125 0.7366865171875 0.39502080624999997 0.684193828125 0.11463631406250001 0.7037133265625 0.0650077921875 0.7400759125 0 0.7582660890625 0 0.830643496875
15 0.1823452703125 0.7044244234375 0.2825865203125 0.41925243125 0.2689010421875 0.41805510625000003 0.1666261203125 0.6983859781249999 0.1823452703125 0.7044244234375
9 0.8083159046875 0.9417498453125001 0.866393584375 0.9427221171875001 0.8991814046875 0.91514130625 0.9021473734375001 0.8757563140625001 0.8685270296875001 0.824592871875 0.8006291734375001 0.78824696875 0.7375317640625 0.7984084296875 0.7153899359375 0.8571852390625001 0.7497173328125 0.9153105171875 0.8083159046875 0.9417498453125001
9 0.8018146765624999 0.7746966093750001 0.8411512406250001 0.7696383515624999 0.8671928953125001 0.7395028531250001 0.8693391890625 0.7000753234375 0.8351923749999999 0.649371528125 0.7217822890625001 0.6365756578124999 0.6901317625 0.6674603968749999 0.6884994234375 0.7039035140625 0.69773816875 0.7174663046875 0.7513712234375001 0.7607187171875001 0.8018146765624999 0.7746966093750001
9 0.6413452046875 0.744294825 0.68801405 0.7274590703125 0.701101484375 0.718966471875 0.6899376234375 0.668493725 0.6931205546875 0.6516024859375 0.676226259375 0.6289090609375 0.6273859296875 0.6195060812500001 0.5833924875000001 0.5983512890625 0.5418218234375 0.6324283703125 0.53565566875 0.6954231578125001 0.5954779718750001 0.7373692859375 0.6413452046875 0.744294825
9 0.503397390625 0.25215964375 0.5011307015625001 0.16172187968750001 0.30498345 0.1897101203125 0.309983934375 0.19806385937499998 0.30138867187499996 0.2673327859375 0.503397390625 0.25215964375
9 0.51008924375 0.1631475078125 0.5259623828125 0.020103504687500003 0.3324300484375 0.07430119843750001 0.31351097031249997 0.1917642109375 0.51008924375 0.1631475078125
9 0.9554408625 0.26468219375 0.9744137015625001 0.0395959015625 0.78307828125 0.0265906703125 0.73866174375 0.283722275 0.9554408625 0.26468219375
9 0.52441126875 0.2579270703125 0.5168448062500001 0.303653946875 0.75399884375 0.2805662265625 0.7720803093749999 0.107241740625 0.5164479890625 0.1526414953125 0.49538023124999997 0.25657365 0.52441126875 0.2579270703125
9 0.7701697984375 0.10306783906250001 0.7900128343749999 0.0384785125 0.791064503125 0.026457875 0.531064740625 0.0045423421875 0.510600834375 0.15537326406250002 0.7701697984375 0.10306783906250001
9 0.8784480171875 0.45375190156249995 0.9004025046875 0.46788742968749997 0.9418702031249999 0.43409795625 0.93563264375 0.2731459953125 0.8976718531250001 0.2629978171875 0.6074648265625 0.30749275468750004 0.60944096875 0.4586093421875 0.8784480171875 0.45375190156249995