9 0.1692610578125 0.44303988125 0.29076150156249997 0.7875669015625 0.586912184375 0.730563346875 0.5627978890625001 0.69403345625 0.628255675 0.6233039625 0.5199973828125 0.3625396984375 0.44252891562499996 0.36204866875 0.422592153125 0.31733809687500003 0.1692610578125 0.44303988125
4 0 0.3804934328125 0.017693575 0.38068874375 0.075042375 0.4029674984375 0.350925015625 0.3492530390625 0.4086478265625 0.279441828125 0.32723835 0.237795084375 0.037040653125 0.2595062796875 0 0.2904452921875 0 0.3804934328125
15 0.126639490625 0.39465736875 0.29798444687500003 0.6389655000000001 0.3108937140625 0.6342669125 0.1402601578125 0.3847562640625 0.126639490625 0.39465736875
9 0.6755365859375 0 0.63371815 0.03420924375 0.615604359375 0.09923853437499999 0.65220428125 0.15028184687499999 0.7157816765625 0.143766253125 0.771958959375 0.091085546875 0.7911916437500001 0.032963871875 0.779643565625 0 0.6755365859375 0
9 0.759739253125 0.15125291406250002 0.7204338765625 0.1565480640625 0.6753269875 0.1831053984375 0.6347159828125 0.2387652765625 0.6293023484375 0.2542570890625 0.640311240625 0.28903595625 0.6788768593750001 0.310676565625 0.7851107749999999 0.2689640125 0.80497095625 0.21115006093750002 0.7926932 0.17362149375 0.759739253125 0.15125291406250002
9 0.637576425 0.23644573593749998 0.6227368875 0.2316297921875 0.57330083125 0.2274464890625 0.530788946875 0.24600735937499998 0.483861496875 0.302007359375 0.5061217953125 0.3612597328125 0.5550957703125 0.3834163859375 0.592114909375 0.351596084375 0.6368573750000001 0.329872696875 0.6473025203125 0.3035799671875 0.639856271875 0.288088084375 0.637576425 0.23644573593749998
9 0.5886449953125 0.8264589250000001 0.56742743125 0.7385160921875 0.3683748953125 0.7761436640625 0.39460539843750003 0.8408276921875 0.3919374078125 0.8501910046875001 0.5886449953125 0.8264589250000001
9 0.399642721875 0.845999821875 0.44831881406249996 0.9545637625 0.6492840890625 0.9568248593750001 0.5969293015625 0.8227632328125001 0.399642721875 0.845999821875
9 1 0.609568278125 0.7865063375 0.647138034375 0.8959599734375001 0.8840122484374999 1 0.8484147906249999 1 0.609568278125
9 0.864462715625 0.8089557812500001 0.80213768125 0.646217009375 0.56708893125 0.6852959671875001 0.5862325609375 0.7275063937499999 0.558541021875 0.7363274828125 0.605790534375 0.8312654984375 0.864462715625 0.8089557812500001
9 0.8995814375 0.8707346781249999 0.8636975890624999 0.8134819375 0.5994355812500001 0.830140165625 0.6582401140624999 0.9705352015625 0.9037084421875001 0.88207353125 0.8995814375 0.8707346781249999
9 0.6536275921875 0.6581337765625 0.9454621921875 0.6260014796875 0.9795029578125 0.6063741171875 0.9438705453124999 0.4492920625 0.895070465625 0.4273865671875 0.8775226015625 0.446722678125 0.6164245484374999 0.5116548984375 0.6536275921875 0.6581337765625