15 0.5315260484375 0.7913441234375 0.1322296921875 0.5994931015625 0.11303373125 0.640658971875 0.50831758125 0.81598735 0.5315260484375 0.7913441234375
5 0.6366643109375001 1 0.7547219703125 0.87197445 0.6565060390624999 0.836234825 0.3825323546875 0.973925515625 0.4076223453125 1 0.4554119015625 1 0.63592274375 0.9139120140625 0.5492512484375001 1 0.6366643109375001 1
14 0.27808528906249996 0.894133109375 0.35810849375 0.9855238625 0.4001801734375 0.955393325 0.39678157812500003 0.8096502953125 0.27808528906249996 0.894133109375
8 0 0.8135916078125 0.1560924953125 0.8906114125 0.19082027968749998 0.8911257546875 0.046711703125 0.6081113671875 0 0.603900096875 0 0.8135916078125
14 0.178584478125 0.7042417000000001 0.15240681875 0.7880858 0.174533628125 0.844511425 0.2568052046875 0.8773930968749999 0.2981378609375 0.8743033578125001 0.3310524359375 0.788312865625 0.2687600453125 0.71956555 0.178584478125 0.7042417000000001
9 0.353048634375 0.7000181796875 0.736246665625 0.89364431875 0.8357317359374999 0.6936992281250001 0.8275658109374999 0.6995670625 0.4320551234375 0.5301776406250001 0.353048634375 0.7000181796875
9 0 0.4646459453125 0.0116903421875 0.4951364734375 0.072961465625 0.590823659375 0.2171213640625 0.6371354234375 0.33214420625 0.6304110421875 0.35475045625 0.6104424515625 0.3986330296875 0.5394926765625 0.39534433281250003 0.47042379062500006 0.26317062812500003 0.366267359375 0.11285805 0.332443865625 0.0148176328125 0.3650424984375 0 0.3931190203125 0 0.4646459453125
9 0.484297846875 0.5000288140625 0.4907414640625 0.395685775 0.35497455312500004 0.270461559375 0.17412993906250002 0.239246221875 0.088481546875 0.2982020421875 0.063569959375 0.385883903125 0.15331677187499998 0.48967928125000004 0.30519924375 0.555593809375 0.4191148828125 0.5321929265625001 0.484297846875 0.5000288140625
9 0.5321712015625 0.380546721875 0.3565111515625 0.1816014546875 0.2497049359375 0.120663746875 0.08115908125 0.21510645625000002 0.355467684375 0.4955842953125 0.49542054062499996 0.43161999375000004 0.5321712015625 0.380546721875
9 0.3703099109375 0.2273267015625 0.3752520453125 0.2277646484375 0.40457662499999997 0.2207988671875 0.4294164203125 0.166544359375 0.36322663906249997 0.0979434296875 0.2749662421875 0.057441521875 0.18710879375 0.07718620000000001 0.20585664218750002 0.17184859531250002 0.30148316249999996 0.2321757171875 0.370219784375 0.22922799062500002 0.3703099109375 0.2273267015625
9 0.21779257031250002 0 0.2017033125 0.0672383078125 0.2613268890625 0.1240375546875 0.3781129796875 0.160075215625 0.4199384515625 0.1225731171875 0.4406523953125 0.0775278453125 0.418889409375 0.030011681249999998 0.354954553125 0 0.21779257031250002 0
11 0.29849231875000004 0.139557728125 0.309136725 0.1679382515625 0.4768716984375 0.24654813125000002 0.484927509375 0.29465313125 0.534805203125 0.3034900328125 0.5668954 0.255398453125 0.523908596875 0.20902144531250003 0.49674442343749997 0.22276833906250001 0.3291195484375 0.1332965453125 0.29849231875000004 0.139557728125
11 0.33681724218750003 0 0.31910958906250003 0.0171694328125 0.3953922078125 0.0613014203125 0.4642825046875 0.1038120046875 0.5262333 0.13535429375000002 0.5816319484375 0.1458349140625 0.5969480421875 0.10958984218750001 0.550888921875 0.05989824375 0.4677704875 0.056226559375 0.3522969609375 0 0.33681724218750003 0
9 0.7981807812499999 0.3863280296875 0.604351528125 0.32004108124999997 0.5153396203125 0.35838908593749996 0.4697383828125 0.4493820546875 0.47229428125000006 0.5276263625000001 0.5621875421875 0.6066206984375 0.7300222890625 0.6829144406250001 0.8194842375 0.667973346875 0.8869121281250001 0.6124367625 0.8930149078125 0.57119995 0.8851657015625 0.47274179062500005 0.7981807812499999 0.3863280296875
9 1 0.2295194671875 0.9270174375 0.1474325421875 0.8026197875 0.0953970828125 0.6693608125 0.0915159640625 0.6219035765625 0.11242051093750001 0.585870590625 0.18062789375 0.603232590625 0.28816544374999997 0.6574399875 0.3443772890625 0.8273769171875 0.42969559999999996 0.9555701796875 0.43269759218750004 0.9828257062500001 0.3564287578125 1 0.3148222921875 1 0.2295194671875
9 0.4484066828125 0.1447719828125 0.41181068125 0.1707309765625 0.39131861093750003 0.20965086875 0.397184828125 0.2644058296875 0.4643830484375 0.3162275140625 0.5562737921875 0.33856466093750004 0.616810596875 0.310074184375 0.63643564375 0.2623221359375 0.616326196875 0.21438035625000001 0.53627756875 0.1762552859375 0.4484066828125 0.1447719828125
9 0.440630484375 0 0.397852646875 0.0533151578125 0.4583463109375 0.14648170625 0.5559189421874999 0.19708433125 0.60542049375 0.1831113171875 0.6469970953125 0.16532521875 0.651899078125 0.098152853125 0.553285490625 0.0092008453125 0.514256803125 0 0.440630484375 0