9 0.414033965625 0 0.3316722515625 0.0708747640625 0.4268041796875 0.21884985625 0.664127028125 0.3198777140625 0.7876448984375 0.287775609375 0.8304253750000001 0.1765417671875 0.7954640828125 0.0778455390625 0.5926695203125 0 0.414033965625 0
9 1 0.1911305875 0.9603355515625 0.151555321875 0.8673473843749999 0.1208881578125 0.76689313125 0.1497567328125 0.7112693671875 0.298129621875 0.73164249375 0.397785234375 0.9352093531250001 0.4623703296875 1 0.41870994687499996 1 0.1911305875
9 0.6390182234374999 0.371769325 0.541635578125 0.269510953125 0.33326802031249997 0.2023005921875 0.16193898281250002 0.3520233359375 0.201873590625 0.5683867046875 0.47331041249999994 0.649851671875 0.6279109328125 0.5712975421875 0.6652329109374999 0.4183686890625 0.6390182234374999 0.371769325
9 0.625089153125 1 0.6556677453125 0.8848323046875001 0.565654615625 0.709882615625 0.41610894062500003 0.628138253125 0.21446855468749998 0.62547351875 0.077704396875 0.7864223328125 0.12001393906249999 0.8897095140625 0.4073304765625 1 0.625089153125 1
9 0.6419242484375001 0.6281574578125 0.5644252125 0.704521771875 0.5694413953125 0.8196360531250001 0.6991943046875 0.9109577218749999 0.8326935109375 0.8662561453125001 0.8935798984375 0.76905894375 0.8229771890625001 0.6694390625 0.6419242484375001 0.6281574578125
9 0.8189774140624999 0.6683309859375 0.9143003796875 0.6176651046875 0.963390171875 0.5643737671875 0.91518370625 0.44887865156249995 0.709887725 0.3884299390625 0.6461451171875 0.4536600703125 0.604187396875 0.5780951796875 0.7040852859375 0.6351101781249999 0.8189774140624999 0.6683309859375
14 0.942340475 0.2791290078125 0.8505500078124999 0.2238166375 0.788000371875 0.359775290625 0.8855308546874999 0.40307932968750004 0.942340475 0.2791290078125
14 0.6380511828125 0.05009456875 0.528811515625 0.002090475 0.501148484375 0.187011753125 0.621391453125 0.22407897656250003 0.6380511828125 0.05009456875
14 0.47226568125 0.372863221875 0.3595404859375 0.32804937500000003 0.30714837031250003 0.499099659375 0.4433258859375 0.5335212640625 0.47226568125 0.372863221875
14 0.852718190625 0.5626280671874999 0.8759966171875 0.4947783765625 0.8762424281250001 0.4909993328125 0.7461880203125 0.4282461796875 0.715978025 0.5028966203125 0.852718190625 0.5626280671874999
14 0.8344873171874999 0.7771295609375 0.758785309375 0.7089089875 0.658102334375 0.7993256609375 0.7234079140625 0.8603756828125 0.8344873171874999 0.7771295609375
14 0.3198011609375 0.760805221875 0.1982651859375 0.9197473531249999 0.3362484796875 0.9727141781249999 0.444628446875 0.816851628125 0.3198011609375 0.760805221875