9 0.1863880015625 0 0.0995414359375 0.21973228281249998 0.23660193281250003 0.3367992375 0.3263179515625 0.18799616875 0.354423803125 0.18755101875 0.4517994109375 0.0180541609375 0.43023365937499997 0 0.1863880015625 0
9 0.197693521875 0.3059044453125 0.131155615625 0.25265145 0.067941253125 0.2967422515625 0.06649690625 0.391920490625 0.11310266093750002 0.4287118828125 0.15697235781250002 0.4414896671875 0.2155162203125 0.3795476921875 0.197693521875 0.3059044453125
9 0 0.517178871875 0.0100321453125 0.574583615625 0.06994881875 0.6020267625 0.11923767656249999 0.5936318078125 0.1614582046875 0.5075973859375 0.1443419671875 0.45417820468750003 0.082342271875 0.406965746875 0.026343646874999998 0.42775352968749997 0 0.4899726578125 0 0.517178871875
9 0.031627695312499995 0.7711681984375 0.0745204859375 0.8209616703125 0.12718864375 0.8461482531250001 0.204961946875 0.8594565218750001 0.2604034921875 0.832060515625 0.27051351874999996 0.760550296875 0.1973842203125 0.694516290625 0.10503062656249999 0.6330074296875 0.061051198437499996 0.6336088484375 0.02567619375 0.7091164453125 0.031627695312499995 0.7711681984375
9 0.330647 0.7926342734375 0.4485630359375 0.6353587390625 0.223221465625 0.42092504062499997 0.0924367375 0.6332870625 0.330647 0.7926342734375
9 0.50405690625 0.955771125 0.6418712984375 0.8232896703125 0.43562288125000004 0.6516552390625 0.3163221015625 0.8125910109375001 0.50405690625 0.955771125
9 0.42151813281250006 0.6713687625 0.5361654015624999 0.76961175625 0.6716870593750001 0.6416233046875 0.6129956390625 0.4901621984375 0.5862418984375 0.4609379265625 0.445623990625 0.6264338328125 0.42151813281250006 0.6713687625
9 0.41540855624999995 0.6436975328125001 0.6038875984375001 0.44049538125 0.33968614218750004 0.17049211250000001 0.1920500484375 0.4042265515625 0.41540855624999995 0.6436975328125001
9 0.5110193890625 0.3454071515625 0.581350396875 0.3909323734375 0.6703388625 0.3602792796875 0.73254225625 0.2394032796875 0.725391715625 0.14086479999999998 0.6151254640625 0.0801470640625 0.518629075 0.1616720140625 0.4894358421875 0.2823011265625 0.5110193890625 0.3454071515625
9 0.6332214640625 0.8416217671874999 0.6916431296875001 0.8255671875000001 0.7208204828125 0.710991015625 0.6678531296875 0.67881506875 0.6153402921875 0.704553471875 0.5880807734375 0.7728188015625 0.6332214640625 0.8416217671874999
9 1 0.2958907796875 0.97037755 0.24297713437500001 0.8704147015625001 0.1986221796875 0.7829101406250001 0.204137840625 0.67425515 0.33971858906249996 0.6073725921875 0.457960075 0.60517203125 0.6054205859375 0.6993609125 0.6786240375 0.8085192109375001 0.672084234375 0.9301320593750001 0.599407959375 1 0.49272103906250003 1 0.2958907796875