9 0.5217356093750001 0 0.5060128234375 0.0156871515625 0.6177905124999999 0.1760521796875 0.6458282109375 0.1740460484375 0.7481718749999999 0.31446361093749997 0.8745077562500001 0.185896521875 0.7815563828125 0 0.5217356093750001 0
9 0.83662280625 0.4118154875 0.8792119093749999 0.39526283125 0.922433734375 0.35454948124999996 0.912699553125 0.2598593078125 0.8458829734375 0.2214457796875 0.7842395671875 0.2802952921875 0.772903121875 0.3552116546875 0.83662280625 0.4118154875
9 1 0.45166643906250004 0.965557253125 0.386746578125 0.9079599453125 0.37091850000000004 0.8503110140624999 0.42335493125 0.8379156984374999 0.47806261406250006 0.8874739578125 0.5600898875 0.937306925 0.5641570890625001 0.9946037703125 0.531596290625 1 0.4688192546875 1 0.45166643906250004
9 0.9518340890625 0.78265733125 0.9902238734375001 0.7293149859375 0.990744559375 0.6669806515625 0.948923246875 0.5948435171875001 0.9050587578125 0.598077446875 0.818417446875 0.6674013953125 0.7513216703125 0.739557759375 0.7676257515625 0.8099147140625 0.82524404375 0.8323744203125001 0.9015615046875001 0.8123384031249999 0.9518340890625 0.78265733125
9 0.9176290937499999 0.5972583859375 0.7688334718750001 0.39710310625 0.563038521875 0.6303606312500001 0.6942133187499999 0.776760625 0.9176290937499999 0.5972583859375
9 0.71022305 0.7953929234375 0.57734976875 0.6454673093750001 0.386845115625 0.834424353125 0.535681603125 0.9543903609375001 0.71022305 0.7953929234375
9 0.3865769234375 0.500047853125 0.341309546875 0.6560478984375 0.48747043124999995 0.771737825 0.5931189906250001 0.6638765078125 0.565188528125 0.62121353125 0.41068179374999997 0.46860304687500004 0.3865769234375 0.500047853125
9 0.798430903125 0.37775139062499996 0.630985309375 0.157773715625 0.39132155625 0.44977621562500003 0.5967936125 0.6357780890625 0.798430903125 0.37775139062499996
9 0.49155024999999997 0.28220880937500004 0.45195458750000006 0.16458308593749998 0.34872002968750004 0.0917785765625 0.2441652734375 0.1618756015625 0.24563013749999998 0.260662321875 0.318131865625 0.37565696875 0.4094532953125 0.3984375625 0.47554888906250004 0.3469558265625 0.49155024999999997 0.28220880937500004
9 0.3483703625 0.6927639875 0.298408884375 0.7294339046875 0.3374611796875 0.84103110625 0.3970597828125 0.8519328093749999 0.4360321265625 0.7794573890625001 0.402926621875 0.713827653125 0.3483703625 0.6927639875
9 0 0.534716128125 0.080168696875 0.6365181609375 0.207652928125 0.6983186234375001 0.31696582812499996 0.6953197671875 0.40441618906250004 0.6141857765625 0.389371971875 0.4674781875 0.3124384984375 0.35551584531249997 0.19238033125 0.229920928125 0.10472802968749999 0.2320527828125 0.0090113609375 0.2849512890625 0 0.3049639296875 0 0.534716128125