5 0.8501513609375 0.72308444375 0.8280536890624999 0.66778831875 0.6628023749999999 0.47652510625 0.6360399359375 0.51761725 0.5951806000000001 0.5127554734374999 0.5868545796875 0.5819634265625 0.6820163390625 0.72597516875 0.7494920875 0.8029177796875 0.8501513609375 0.72308444375
5 0.36007617187499996 1 0.40630483437500003 0.9089823765625 0.350917878125 0.6720030765625 0.15975557499999998 0.651082690625 0.1167068609375 0.8441576828124999 0.19956969062500002 1 0.36007617187499996 1
9 0.0002790515625 0.6251888203125 0.041362903125 0.6969218421875001 0.09684145937500001 0.7212580640625 0.1483509890625 0.707710025 0.17164977812499999 0.669985090625 0.159302778125 0.6376799765625 0.1236126765625 0.6414877156250001 0.07465419375 0.631385828125 0.03229579375 0.5895519046875 0.009290456249999999 0.5965783078125 0.0002790515625 0.6251888203125
9 0.0367253921875 0.50356649375 0.01818580625 0.5542523484374999 0.035955475 0.5977973328124999 0.08649110625 0.633907209375 0.142509834375 0.6504857312500001 0.20048337031250002 0.6350813203125 0.226542421875 0.5797052890625001 0.199265340625 0.5133387671875 0.1719452640625 0.463375134375 0.049283370312500005 0.45540056562500003 0.0367253921875 0.50356649375
9 1 0.3766360296875 0.921064540625 0.2268799921875 0.8567723062500001 0.1924149234375 0.730468521875 0.27386799375000004 0.6890819234375 0.4468875921875 0.75527833125 0.538783 0.772402721875 0.59908256875 0.8298483171875001 0.6729913562500001 0.9337580031250001 0.6894111015625 1 0.64929835 1 0.3766360296875
9 0.4090307375 0 0.370867075 0.244731390625 0.3986149296875 0.5061104249999999 0.639696640625 0.5229547046875 0.6977889 0.4092699046875 0.726521665625 0.20632589218750003 0.73248443125 0.09486481249999999 0.466791559375 0 0.4090307375 0
9 0.4114064703125 0.6664356625 0.5908670796875 0.6636645453125001 0.6128584484374999 0.511927396875 0.42553320625 0.5026102765625 0.4114064703125 0.6664356625
8 0.588363675 0.658956328125 0.5980426640625 0.51911308125 0.4265314453125 0.5105250859375 0.4248710359375 0.655855725 0.588363675 0.658956328125
9 0.2770940734375 0.6634133125 0.3024554671875 0.63087474375 0.273367578125 0.5673504640625 0.2486896375 0.5297670015625 0.1983864015625 0.5142779281250001 0.2228653015625 0.5746617781250001 0.19879211875 0.6296739046875001 0.152050834375 0.6478582937499999 0.2770940734375 0.6634133125
9 0.180368659375 0.4531401296875 0.25313154843749996 0.4996700265625 0.316822109375 0.47054695 0.3319738421875 0.422794815625 0.3158163734375 0.3698526625 0.2550681640625 0.31052555625 0.18669874375 0.3133239296875 0.170999365625 0.3542191765625 0.180368659375 0.4531401296875
8 0.023921373437499997 0.232849803125 0.0623146953125 0.44947823906249995 0.174362275 0.4733822234375 0.16775477968750002 0.27652126875 0.023921373437499997 0.232849803125
8 0.376034075 0 0.1238959640625 0.13630849218750002 0.1636594 0.23454430468749998 0.1947085765625 0.22118849687500003 0.2707155953125 0.2742739046875 0.3248523015625 0.45427725625 0.3945430125 0.3992063796875 0.37857289375000003 0.21352805312499998 0.41399469843750003 0 0.376034075 0
9 0.3582827046875 0.6548918875 0.41319504843750005 0.6272829421874999 0.427184390625 0.5463822546875 0.3919427984375 0.5010394765624999 0.318847640625 0.48375037968749995 0.2849433234375 0.526642559375 0.27020368437500003 0.5700628796875 0.2994826390625 0.640271915625 0.3582827046875 0.6548918875
8 0.362875803125 0.6451522078124999 0.4111850375 0.62633858125 0.424244003125 0.5543781703125 0.3963801125 0.5113013125 0.33052535 0.496429775 0.2861591171875 0.5340249171875 0.2689530296875 0.5650188359375 0.307408359375 0.63199221875 0.362875803125 0.6451522078124999
9 0 0.4229658109375 0.042519271875 0.4519512484375 0.0670131140625 0.44664976875000006 0.030464017187499998 0.2558558640625 0 0.2660377328125 0 0.4229658109375
9 0 0.407189796875 0.05696681875 0.44225625625 0.029819775 0.273986040625 0.011262475 0.27366968125 0 0.283802584375 0 0.407189796875
14 0.6203943515625 1 0.8473946281250001 0.8795468453125 0.913744984375 0.757232615625 0.9187185703124999 0.6840902984375 0.8291698953125 0.671704353125 0.8479683078125 0.7202305078125 0.7484028375 0.8039488218749999 0.647136478125 0.6829522203125 0.61627188125 0.61971995 0.5982581484375 0.6283465171875 0.5902028765625 0.672097346875 0.43783209687499997 0.6617541874999999 0.419940653125 0.6529527484375001 0.36691495625 0.7529030140625 0.3921689921875 0.8809898453124999 0.401495415625 0.9069272609375 0.3595193609375 1 0.6203943515625 1