5 0.8651892234374999 0.643674334375 0.7711612984375 0.6032776578125 0.6047913921875 0.5572755218750001 0.5415436 0.586580471875 0.5587936515624999 0.6239376375 0.52798275 0.6620884015625 0.7609503390625 0.76014815625 0.8203686359375 0.7640768484375 0.8651892234374999 0.643674334375
5 1 0.080450184375 0.7088693125 0.029115989062499997 0.5385468671875 0.129721203125 0.6175157375 0.3050626015625 0.8600119562499999 0.284508096875 1 0.1448791359375 1 0.080450184375
9 0.4450720890625 0 0.44021384062499996 0.0034631515625 0.440640375 0.027513807812500003 0.493516265625 0.054871645312499995 0.5182527343750001 0.0983122734375 0.5256602078125 0.1334322359375 0.5601996296875 0.13519209999999998 0.588878453125 0.1013759890625 0.5858460828125 0.0482009421875 0.54555714375 0.0029580031249999998 0.5313994375 0 0.4450720890625 0
9 0.402708275 0.025002573437499998 0.3602322109375 0.0582975578125 0.3183043203125 0.0851249953125 0.3637931953125 0.1993191125 0.4197538015625 0.2098624375 0.49130119531250005 0.2152961 0.535914240625 0.173400334375 0.5326498984375 0.11350400000000001 0.4995720484375 0.06535006875 0.44961314531249996 0.02844639375 0.402708275 0.025002573437499998
9 0.7698112765625 1 0.784590421875 0.9801800390625001 0.8141792562499999 0.8539971265625 0.7664532921875 0.760247121875 0.6784101921875 0.7284521859375 0.6157701671875 0.7307995140625 0.5079166265625 0.69624023125 0.356154371875 0.7890672234375 0.3177179140625 0.9343596421875 0.37036353593750004 0.9848549 0.45810429218750004 1 0.7698112765625 1
9 0 0.6045062031249999 0.1865351796875 0.8462994921875 0.2906983703125 0.806185196875 0.474830684375 0.7161455640625001 0.5649998578125001 0.62576600625 0.47448165 0.40168884218749995 0.21732085625000003 0.45606962968750003 0 0.5661481859374999 0 0.6045062031249999
9 0.479471015625 0.4283712515625 0.54621880625 0.6036489953124999 0.6837337046874999 0.5358446015625 0.630912815625 0.3643110984375 0.479471015625 0.4283712515625
8 0.6250114765625 0.3803860421875 0.48730691875 0.426874821875 0.5484744703125 0.587337846875 0.6784823296875 0.5349186421875001 0.6250114765625 0.3803860421875
9 0.5330993890625 0.12338995312500001 0.5302488578125 0.173462840625 0.4853682390625 0.21335747968750002 0.42037538906250005 0.20873629999999999 0.45065092812499996 0.2517911328125 0.49402082812500003 0.2636473203125 0.5634246609375 0.2716814640625 0.5865335765624999 0.237506375 0.5330993890625 0.12338995312500001
9 0.2596874109375 0.2321505546875 0.22564509375 0.259718878125 0.24411099531249997 0.325606803125 0.31930665625 0.3650487015625 0.37465056875 0.3640553421875 0.41538340468749996 0.3348889671875 0.42339962968749995 0.2653161171875 0.3566620984375 0.21049302656250002 0.2596874109375 0.2321505546875
8 0.1847896765625 0.2530747453125 0.3740574 0.198525465625 0.3166987515625 0.099348621875 0.09880867812500001 0.1297762703125 0.1847896765625 0.2530747453125
8 0 0.5716203984375 0.1900259484375 0.47304065937499995 0.37155157031249997 0.4308513859375 0.402391471875 0.3475537453125 0.21446894843750003 0.35169077187500003 0.1404942640625 0.2958080953125 0.14360167031249998 0.2621514015625 0.0378862828125 0.2546906625 0 0.4611955859375 0 0.5716203984375
9 0.571443246875 0.26595025156249996 0.49562279218749994 0.259800096875 0.45888241093750004 0.28723594375 0.4285665359375 0.33273527812500003 0.46759708906249997 0.39691027968750003 0.521610884375 0.416415334375 0.594229065625 0.3781109921875 0.6035178875 0.3173546171875 0.571443246875 0.26595025156249996
8 0.56601796875 0.2760466265625 0.490439146875 0.2601693484375 0.4662791515625 0.2861109578125 0.44423396718749997 0.3399232890625 0.47872788125000004 0.3979593328125 0.5283068234375 0.4111479875 0.5927097984375 0.3764911828125 0.5956742453125 0.324732640625 0.56601796875 0.2760466265625
9 0.1747735640625 0.0175533296875 0.12342844374999999 0.043369815625 0.12271053125 0.1288894296875 0.3154606078125 0.104691128125 0.3129336015625 0.07975785468749999 0.242465640625 0.025259240625000002 0.1747735640625 0.0175533296875
9 0.1586937015625 0.0489701625 0.133718875 0.10512290625000001 0.1397542703125 0.12267418906250001 0.308177653125 0.0964942046875 0.2358589828125 0.0349783171875 0.1586937015625 0.0489701625
14 1 0.1921870875 0.93907339375 0.20556239999999998 0.8565712328125 0.280569134375 0.8290212609375001 0.27971428125000003 0.6993995187500001 0.2952772734375 0.620727009375 0.3765940375 0.6346264359375 0.3908900171875 0.691548525 0.5326070281249999 0.652428228125 0.5537877984375 0.6497904250000001 0.5735856312500001 0.7194655734375 0.5833997609375 0.8658332046874999 0.6423197859374999 0.8169797796875 0.76288255625 0.765019634375 0.7599996109375 0.80447143125 0.8413379937500001 0.8724969874999999 0.8140056140624999 0.9683213437499999 0.7131055 1 0.5325581921875 1 0.1921870875