5 0.892305134375 0.510107640625 0.7901313109375 0.5043066265625 0.6180610796875 0.51798061875 0.5686504796875 0.5671502828125 0.5976371296874999 0.5963546703125 0.58173268125 0.6427426109375001 0.8341890171875 0.6552090296874999 0.89136764375 0.6385785390625001 0.892305134375 0.510107640625
5 0.5237715390625 0 0.4095794 0.1388679421875 0.5437561546875 0.276626015625 0.76459800625 0.1743725078125 0.8461820265625001 0 0.5237715390625 0
9 0.3728113375 0.0173518421875 0.2909912 0.029140584375 0.2739937828125 0.053856059375 0.28262040312500003 0.07631039843750001 0.34166441875000003 0.08393373750000001 0.379766665625 0.11629420625 0.39873914843749997 0.14676266875 0.43179749687499996 0.136603221875 0.447180984375 0.0950177375 0.4261445515625 0.04608666875 0.3728113375 0.0173518421875
9 0.24611699531250003 0.086924153125 0.2175901078125 0.13273887499999998 0.1873663015625 0.172288603125 0.26916855 0.264037859375 0.3253603484375 0.2548056890625 0.394451328125 0.2354410125 0.42204468281249996 0.1808133109375 0.3984914515625 0.1256456375 0.350938825 0.091709034375 0.2913710125 0.074117875 0.24611699531250003 0.086924153125
9 0.9163060765625 0.725192853125 0.83939395 0.65341990625 0.7457859906250001 0.6536549546875 0.6877264546874999 0.6772848703125 0.5745573078125 0.6816978515625001 0.46369613750000005 0.8208324390625 0.477270615625 0.9705086953125001 0.5440117140625 0.999952853125 0.9074518765624999 0.934516625 0.9316587640625 0.8538859828125 0.9163060765625 0.725192853125
9 0.44239619843750005 0.41634552031250005 0.21934342343750002 0.555400915625 0.036469634375 0.750573903125 0.3238808234375 0.9326263593749999 0.40804230781250006 0.8593053421875 0.550274715625 0.7117188046875 0.60409439375 0.5959501281249999 0.44239619843750005 0.41634552031250005
9 0.456210590625 0.43971231875 0.578881515625 0.5815904328125 0.6849127828125 0.47084227968750003 0.57660946875 0.3277193203125 0.456210590625 0.43971231875
8 0.576561978125 0.344843203125 0.463062121875 0.4356260984375 0.5754224046874999 0.5654914859375 0.6796614078125 0.4717682390625 0.576561978125 0.344843203125
9 0.402295028125 0.1347816609375 0.4167423421875 0.1828097234375 0.3882131265625 0.23564849687499997 0.3255592875 0.253534871875 0.368734609375 0.2836383359375 0.4135440390625 0.279946128125 0.481510146875 0.2637582453125 0.49153685625000004 0.22374045156250003 0.402295028125 0.1347816609375
9 0.182570128125 0.3304955984375 0.1600097359375 0.36804450625 0.1998970046875 0.42364319375 0.2840477359375 0.4349880234375 0.33571425312500003 0.4151258390625 0.3640151109375 0.3737869609375 0.3477525828125 0.3056681578125 0.26628921562499996 0.2769768828125 0.182570128125 0.3304955984375
8 0 0.29186451406249997 0.1193457734375 0.3757744390625 0.2785423046875 0.2597815109375 0.190722328125 0.186203575 0 0.2873980234375 0 0.29186451406249997
8 0 0.5347757750000001 0.0375822453125 0.7568838328124999 0.199499034375 0.580683875 0.3556477390625 0.478953509375 0.35613829531249996 0.39013146249999997 0.18096383437500002 0.45829228281249995 0.09233736875000001 0.431080578125 0.0837461078125 0.398390834375 0 0.422346303125 0 0.5347757750000001
9 0.4870849640625 0.2556301484375 0.41373356406250006 0.2757830171875 0.3885925125 0.31413022968750004 0.37566659687500004 0.3672542578125 0.43429246250000003 0.4142097984375 0.49171994999999996 0.4140647484375 0.5468578625 0.3532335609375 0.5348065937500001 0.2929642796875 0.4870849640625 0.2556301484375
8 0.48544003281250003 0.2669731921875 0.4089888234375 0.2779029109375 0.39515840625 0.3105432546875 0.3928476109375 0.36865020312499996 0.4451107828125 0.41138863125 0.496210534375 0.406824915625 0.544876209375 0.35223105781249997 0.529959415625 0.3025800375 0.48544003281250003 0.2669731921875
9 0 0.22802025 0.0185365796875 0.280310734375 0.1913860984375 0.191647359375 0.1804838078125 0.1690820328125 0.0956259609375 0.14197155 0.029380639062500002 0.157882415625 0 0.1890531890625 0 0.22802025
9 0.025015700000000002 0.19290421875 0.020752409375 0.25421243125 0.03242671875 0.268641015625 0.181738846875 0.18643568906250002 0.092741853125 0.1533641046875 0.025015700000000002 0.19290421875
14 1 0.46691333906250004 0.9669191250000001 0.28022161093750003 0.8886510375000001 0.024467625 0.8118904375 0.0731472140625 0.76001758125 0.171847890625 0.7338366984375 0.1804672359375 0.6173549609375 0.2394249109375 0.57123895625 0.342745259375 0.5891896562500001 0.3514252015625 0.6911489953125 0.4651271296875 0.6616321921874999 0.49841047187500004 0.665924725 0.51791653125 0.734754578125 0.50330849375 0.892446996875 0.5086145281250001 0.8877746906249999 0.638615328125 0.8379621 0.6536776625 0.9028540265625 0.71661743125 0.957428915625 0.6676672859375 1 0.569863296875 1 0.46691333906250004